0 0.6047156734375 0.421875 0.6352288484375 0.4328125 0.7059639390625 0.44921875 0.746185853125 0.44609375 0.7891816921875 0.4265625 0.8099861296875 0.40546875 0.8127600562499999 0.32734375 0.7822468796875001 0.30078125 0.755894590625 0.2859375 0.6102635234375 0.23828125 0.570041609375 0.23125 0.5520110953125 0.23984375 0.5367545078125 0.30078125 0.5353675453125 0.31640625 0.5714285718750001 0.39296875 0.579750346875 0.40625 0.6047156734375 0.421875
0 0.7711511796875 0.709375 0.7947295421875 0.71171875 0.897364771875 0.684375 0.9237170593749999 0.671875 0.9375866859374999 0.65703125 0.9486823859375001 0.62421875 0.936199721875 0.584375 0.915395284375 0.55625 0.8793342578125 0.53125 0.83772538125 0.51328125 0.8099861296875 0.5046875 0.7794729546875 0.5078125 0.7489597781249999 0.51953125 0.7281553390625 0.5328125 0.7170596390624999 0.5484375 0.7004160890625 0.63046875 0.7031900140625 0.65859375 0.7239944515625 0.68359375 0.744798890625 0.6984375 0.7711511796875 0.709375
0 0.765603328125 0.709375 0.7961165046875001 0.71484375 0.901525659375 0.6859375 0.925104021875 0.67421875 0.9528432734375001 0.63125 0.9514563109375 0.59375 0.9223300968749999 0.55625 0.85298196875 0.515625 0.8127600562499999 0.50234375 0.7933425796875 0.50234375 0.7753120671875 0.50703125 0.7073509015624999 0.53984375 0.6934812765625 0.55625 0.6837725375 0.58125 0.6837725375 0.61796875 0.7045769765625 0.66328125 0.7253814140625 0.68671875 0.765603328125 0.709375
0 0.3300970875 0.384375 0.39112343906249997 0.37265625 0.428571428125 0.3609375 0.44798890468749997 0.3515625 0.4576976421875 0.33984375 0.44382801718750003 0.3234375 0.38418862656249997 0.31328125 0.3259362 0.3125 0.260748959375 0.3296875 0.241331484375 0.340625 0.231622746875 0.3546875 0.2288488203125 0.36796875 0.238557559375 0.37421875 0.2995839109375 0.384375 0.3300970875 0.384375
0 0.5339805828124999 0 0.5520110953125 0.0328125 0.5894590843749999 0.078125 0.6296809984375 0.09375 0.6546463250000001 0.0984375 0.66851595 0.0984375 0.6893203890625 0.090625 0.7031900140625 0.07734375 0.6976421640625 0.025 0.6851594999999999 0 0.5339805828124999 0
0 0.46185852968749996 0.1078125 0.47434119218750004 0.10234375 0.47988904374999997 0.0875 0.47156726718749997 0.06015625 0.46463245468750003 0.0484375 0.44798890468749997 0.0390625 0.428571428125 0.03359375 0.3495145625 0.02421875 0.339805825 0.028125 0.334257975 0.03984375 0.33841886250000003 0.06484375 0.35922330156250004 0.0875 0.44244105468750006 0.1078125 0.46185852968749996 0.1078125
0 0 0.19296875 0.1414701796875 0.19375 0.17891816875 0.18046875 0.2177531203125 0.1375 0.2274618578125 0.11796875 0.22607489531249997 0.103125 0.2135922328125 0.08203125 0.1927877953125 0.0625 0.1414701796875 0.05546875 0.085991678125 0.0546875 0.0471567265625 0.07265625 0.0249653265625 0.09921875 0 0.13359375 0 0.19296875
1 0.751733703125 0.80234375 0.765603328125 0.78671875 0.757281553125 0.76171875 0.44798890468749997 0.51953125 0.434119278125 0.51484375 0.404993065625 0.515625 0.31484049999999997 0.55546875 0.3162274625 0.57265625 0.6920943140625 0.79765625 0.7281553390625 0.80625 0.751733703125 0.80234375
3 0.5020804437499999 0.49296875 0.5312066578125 0.48828125 0.5395284328125001 0.48359375 0.5312066578125 0.46875 0.50346740625 0.46171875 0.12343966718749999 0.41484375 0.099861303125 0.4140625 0.08460471562500001 0.41953125 0.077669903125 0.43203125 0.087378640625 0.4390625 0.18307905625 0.45859375 0.5020804437499999 0.49296875
3 0.269070734375 0.79765625 0.2843273234375 0.784375 0.2843273234375 0.771875 0.269070734375 0.746875 0.067961165625 0.46640625 0.0013869625 0.40234375 0 0.45859375 0.233009709375 0.78515625 0.25104022187499997 0.79765625 0.269070734375 0.79765625
2 0.8571428578125 1 0.9112343968750001 0.95234375 0.915395284375 0.93671875 0.8710124828125 0.87265625 0.5436893203125 0.8609375 0.5353675453125 0.86171875 0.40915395312499997 0.92421875 0.3689320390625 0.9625 0.33841886250000003 1 0.8571428578125 1